0 0 0 0 0 0 0 0 10 0 0 5 0 15 15 0 5 0 5 10 0 0 0 0 5 15 5 5 5 0 5 5 10 0 0 20 0 20 0 15 10 0 5 10 10 5 5 10 0 0 5 5 5 20 0 15 5 10 10 5 20 5 15 5 15 0 0 25 10 0 15 10 20 20 10 5 0 5 10 20 10 0 10 5 35 10 25 10 5 30 25 10 0 10 15 15 10 5 25 15 10 0 10 5 15 10 5 15 15 5 10 5 0 5 15 5 5 15 10 10 0 15 5 15 10 0 0 10 15 15 0 5 15 5 20 10 10 15 15 5 10 15 25 0 15 30 0 15 10 15 5 25 20 5 15 40 15 20 15 5 5 25 20 15 5 10 15 5 15 10 5 30 10 25 10 25 5 15 5 10 0 0 10 20 15 20 35 15 20 15 5 5 15 15 5 10 15 0 25 15
0 0 0 0 0 0 0 0 10 0 0 0 0 0 10 0 0 0 5 5 0 0 0 0 0 15 0 5 0 0 5 5 10 0 0 15 0 10 0 15 5 0 5 5 5 5 5 10 0 0 5 5 5 10 0 15 5 5 5 5 20 5 15 5 10 0 0 15 5 0 15 10 20 10 10 0 0 5 0 15 10 0 5 5 20 5 15 5 5 25 15 10 0 0 10 10 10 5 10 15 10 0 5 5 5 10 5 10 10 5 5 0 0 5 10 0 5 5 10 5 0 5 5 10 5 0 0 0 5 5 0 5 5 5 15 0 0 5 5 0 0 5 20 0 5 30 0 5 5 15 0 20 15 5 15 20 10 20 10 5 5 20 15 10 5 5 5 5 10 5 5 15 10 20 10 20 5 10 5 5 0 0 5 15 10 15 15 10 10 10 5 5 10 15 5 10 15 0 15 0
10 0 0 0 0 0 10 0 20 10 0 0 0 0 0 0 0 0 5 0 0 0 0 10 10 15 10 5 0 0 0 0 15 0 0 5 10 0 0 25 5 10 10 0 25 20 0 5 0 0 15 15 5 10 0 5 15 10 5 0 5 15 5 0 5 0 0 20 10 0 15 10 5 10 5 0 0 5 0 10 0 20 20 0 25 5 5 0 20 10 20 30 0 10 10 5 5 5 5 0 10 10 0 0 25 30 0 15 15 5 5 10 10 10 20 10 25 0 5 20 10 30 0 10 10 0 0 20 25 15 10 35 0 0 20 0 10 45 0 20 0 20 45 10 10 30 0 0 5 20 0 15 15 30 40 15 15 20 0 10 20 20 20 10 15 10 0 10 30 10 0 10 10 15 10 20 10 20 5 10 0 10 15 35 5 15 20 15 0 0 10 5 5 20 5 10 5 0 25 10
0 0 5 0 0 0 0 5 0 0 5 5 0 5 5 0 0 0 5 5 0 10 0 0 10 15 15 10 0 0 0 5 10 5 0 5 5 0 0 20 10 0 0 0 5 0 0 15 0 10 10 10 5 10 10 10 5 10 10 10 5 10 10 5 5 5 0 10 0 5 15 10 5 15 10 0 10 5 5 25 0 5 10 0 30 15 10 5 10 20 15 25 20 5 5 25 5 10 5 5 5 10 0 10 10 25 5 20 15 25 15 5 0 10 20 0 10 5 15 5 5 15 0 10 5 5 20 5 10 10 5 25 15 5 15 5 5 15 5 0 10 10 25 20 5 35 5 10 10 30 15 15 10 15 25 20 5 15 5 10 15 15 20 10 10 20 5 5 20 20 5 25 20 15 25 30 15 25 20 5 25 15 10 10 5 10 30 10 5 15 10 15 25 40 15 20 15 10 25 15
0 0 0 5 0 0 0 0 0 0 5 0 10 0 0 0 0 10 5 5 5 5 5 0 15 5 0 5 5 10 0 0 10 5 0 0 5 0 5 0 5 10 0 10 10 5 0 15 5 5 10 0 5 15 0 0 0 0 5 0 0 0 5 0 10 0 0 5 10 5 0 5 10 5 5 0 0 0 15 0 5 5 5 0 0 5 5 0 10 15 10 0 10 0 10 15 10 5 15 0 0 5 5 15 10 10 15 5 10 15 15 5 10 5 10 15 5 10 10 0 0 5 20 5 15 5 5 0 15 5 5 5 15 5 5 10 5 5 5 20 0 5 10 5 0 25 0 10 5 5 10 5 5 5 5 5 25 5 0 15 10 20 5 5 15 0 10 5 5 25 5 15 5 10 0 0 0 15 15 10 20 5 20 10 5 15 10 5 5 5 0 20 5 5 15 5 10 10 15 10
0 0 0 0 0 0 0 0 0 0 0 0 0 0 0 0 0 0 0 0 0 0 0 0 0 0 0 0 0 0 0 0 0 0 0 0 0 0 0 0 0 0 0 0 0 0 0 0 0 0 0 0 0 0 0 0 0 0 0 0 0 0 0 0 0 0 0 0 0 0 0 0 0 0 0 0 0 0 0 0 0 0 0 0 0 0 0 0 0 0 0 0 0 0 0 0 0 0 0 0 0 0 0 0 0 0 0 0 0 0 0 0 0 0 0 0 0 0 0 0 0 0 0 0 0 0 0 0 0 0 0 0 0 0 0 0 0 0 0 0 0 0 0 0 0 0 0 0 0 0 0 0 0 0 0 0 0 0 0 0 0 0 0 0 0 0 0 0 0 0 0 0 0 0 0 0 0 0 0 0 0 0 0 0 0 0 0 0 0 0 0 0 0 0 0 0 0 0 0 0
10 0 0 0 0 0 10 0 30 10 0 0 0 0 10 0 0 0 0 5 0 0 0 10 10 0 10 0 0 0 5 5 15 0 0 10 10 10 0 10 0 10 15 5 20 25 5 5 0 0 10 10 0 0 0 10 10 15 0 5 15 10 10 5 5 0 0 15 15 0 0 0 15 0 5 0 0 0 0 25 10 20 25 5 15 0 10 5 25 15 15 40 0 10 20 5 5 0 5 15 20 10 5 5 20 20 5 15 15 0 0 10 10 15 10 10 20 5 5 25 10 35 5 0 15 0 0 20 20 10 10 30 5 5 15 0 10 40 5 20 0 25 35 10 15 20 0 5 0 15 0 5 20 35 35 5 15 20 10 15 25 20 15 20 10 15 5 15 20 15 5 5 0 25 0 20 15 10 0 15 0 10 10 40 5 20 15 15 10 10 15 0 5 15 0 0 10 0 10 10
0 0 5 0 0 0 0 5 0 5 5 10 5 5 5 0 0 0 5 5 5 15 0 0 15 25 20 10 0 5 5 10 10 5 0 5 5 15 5 20 15 5 0 0 10 5 0 15 0 15 10 10 5 10 15 10 10 15 15 15 5 20 10 15 5 10 0 10 5 10 15 10 5 15 10 0 10 5 10 25 5 5 20 0 35 15 15 10 35 20 15 30 20 10 10 25 10 15 10 10 10 10 0 10 10 30 15 20 15 25 15 10 5 10 25 5 10 10 20 5 5 20 10 20 10 5 20 10 10 10 10 30 15 25 15 10 10 20 15 0 15 10 30 20 10 35 5 25 15 45 30 20 20 20 30 30 10 20 5 25 30 35 25 20 15 20 15 10 20 30 10 30 20 20 30 40 20 30 20 5 25 15 15 10 10 10 35 10 10 20 15 15 35 40 25 25 15 10 25 20
0 10 0 0 0 0 0 10 0 0 0 20 10 0 0 0 0 10 5 10 0 0 0 0 10 15 0 5 10 0 0 0 5 0 10 5 0 10 10 15 15 0 0 0 5 10 0 5 0 0 5 5 15 20 0 5 15 20 5 0 5 15 25 10 5 0 10 10 0 0 35 10 5 10 5 0 0 5 0 10 0 0 0 0 15 5 5 0 0 20 20 10 10 10 0 5 15 5 5 10 10 20 0 0 15 20 0 5 15 5 15 0 20 10 20 30 5 60 15 10 10 0 0 30 10 0 0 0 5 35 0 5 0 10 10 0 10 15 0 0 20 0 35 20 10 30 0 0 25 10 0 15 5 0 20 25 15 20 10 10 20 20 20 0 15 10 10 20 20 0 0 10 10 5 20 20 0 10 5 20 10 0 5 25 5 25 20 15 20 0 10 5 5 20 35 10 5 20 25 10
0 0 0 0 0 0 0 0 0 5 0 5 10 0 0 0 0 5 0 0 5 10 5 0 20 15 5 0 0 5 5 5 10 5 0 0 5 15 10 0 10 10 0 10 5 10 0 5 0 5 10 0 5 5 5 0 5 5 5 5 0 10 5 10 5 5 0 5 15 10 0 5 5 5 5 0 0 0 15 0 5 5 10 0 5 0 5 5 30 5 10 5 0 5 5 15 10 5 10 5 5 5 5 10 0 15 15 0 0 10 10 5 5 0 10 10 0 10 10 0 0 10 10 10 15 5 0 5 10 0 5 10 15 25 5 15 10 5 15 10 5 5 10 5 5 10 0 20 5 20 25 10 10 5 5 10 30 5 0 25 15 20 10 10 10 0 15 5 0 20 5 10 5 10 5 10 5 10 15 0 5 5 10 10 5 0 10 5 10 10 5 10 15 0 15 10 5 0 15 15
0 0 0 0 0 0 0 0 0 0 0 5 0 15 5 0 5 0 0 5 0 0 0 0 5 0 5 0 5 0 0 0 0 0 0 5 0 10 0 0 5 0 0 5 5 0 0 0 0 0 0 0 0 10 0 0 0 5 5 0 0 0 0 0 5 0 0 10 5 0 0 0 0 10 0 5 0 0 10 5 0 0 5 0 15 5 10 5 0 5 10 0 0 10 5 5 0 0 15 0 0 0 5 0 10 0 0 5 5 0 5 5 0 0 5 5 0 10 0 5 0 10 0 5 5 0 0 10 10 10 0 0 10 0 5 10 10 10 10 5 10 10 5 0 10 0 0 10 5 0 5 5 5 0 0 20 5 0 5 0 0 5 5 5 0 5 10 0 5 5 0 15 0 5 0 5 0 5 0 5 0 0 5 5 5 5 20 5 10 5 0 0 5 0 0 0 0 0 10 15
0 5 0 0 0 0 0 5 0 0 0 15 5 15 5 0 5 5 5 10 0 0 0 0 10 15 5 5 10 0 0 0 5 0 5 10 0 15 5 15 15 0 0 5 10 5 0 5 0 0 5 5 10 25 0 5 10 15 10 0 5 10 15 5 10 0 5 20 5 0 25 10 5 20 5 5 0 5 10 10 0 0 5 0 30 10 15 5 0 20 25 5 5 15 5 10 10 5 20 5 5 10 5 0 20 15 0 10 15 5 15 5 10 5 20 20 5 40 10 10 5 10 0 25 10 0 0 10 15 30 0 5 10 5 15 10 15 20 10 5 20 10 30 10 15 25 0 10 20 10 5 20 10 0 15 40 15 15 10 5 10 20 20 5 10 10 15 10 20 5 0 25 10 10 15 20 0 15 5 15 5 0 10 20 10 20 35 15 20 5 5 5 10 15 20 10 5 10 30 20
0 0 5 0 0 0 0 0 0 5 5 10 5 5 5 0 0 0 0 0 5 10 0 0 10 10 5 0 0 5 5 5 5 5 0 0 5 15 5 0 5 5 0 0 5 5 0 5 0 15 5 5 0 0 15 0 5 10 5 15 0 10 5 10 0 5 0 0 5 5 0 0 0 5 5 0 5 0 10 15 5 5 15 0 10 5 10 10 30 0 5 20 10 10 5 10 5 10 5 5 10 5 0 10 5 20 15 15 10 10 0 10 5 10 15 5 5 10 5 5 0 10 10 10 5 0 10 5 0 5 5 5 10 25 0 10 5 10 15 0 10 0 10 15 5 10 0 20 10 25 20 5 15 15 15 15 5 5 0 20 20 20 10 15 10 5 10 5 0 15 10 5 5 15 15 20 20 20 5 5 15 5 10 0 5 5 15 5 10 15 10 0 30 25 15 5 0 5 0 10
0 5 0 5 0 0 0 10 0 0 5 20 10 30 10 0 10 10 5 25 5 5 0 0 20 0 25 10 20 10 0 5 0 0 5 10 0 25 5 5 20 5 0 10 20 5 0 15 5 5 0 0 5 35 0 5 5 25 20 0 0 10 10 10 15 5 5 20 10 5 10 0 5 20 0 10 5 0 25 25 5 0 20 0 40 20 25 10 10 35 25 15 25 25 25 20 10 5 40 10 5 15 10 5 35 5 10 15 25 15 30 15 20 10 20 35 5 55 20 15 10 30 20 25 25 5 15 25 30 40 10 20 25 5 15 20 30 35 20 20 35 30 30 15 30 25 5 30 25 10 20 10 15 10 15 50 15 15 20 15 30 40 20 20 15 30 35 20 30 40 5 55 5 15 10 25 0 20 10 30 30 10 25 25 15 35 60 15 30 15 10 20 10 15 30 10 15 25 35 45
0 0 0 5 0 0 0 0 0 0 5 0 15 0 0 0 0 15 5 5 5 10 10 0 30 10 0 5 5 10 0 0 20 10 0 0 10 0 10 0 10 15 0 20 10 10 0 20 5 5 20 0 10 20 0 0 0 0 5 0 0 0 10 0 15 0 0 10 20 10 0 10 15 10 10 0 0 0 25 0 5 10 5 0 0 5 5 0 15 20 20 0 10 0 10 30 15 5 20 0 0 10 10 25 10 20 20 5 10 25 25 5 10 5 15 20 5 15 15 0 0 10 20 5 25 10 5 0 25 5 5 10 30 10 10 20 10 5 10 30 0 10 15 10 0 35 0 15 5 10 20 10 5 5 5 5 50 5 0 25 10 20 10 5 20 0 15 5 5 35 5 20 10 15 0 0 0 20 30 10 25 10 25 20 5 15 15 10 10 10 0 30 10 5 20 10 15 10 30 20
0 5 0 5 0 0 0 5 10 0 5 10 10 0 10 0 0 10 5 15 5 0 0 0 5 0 0 5 10 10 5 5 5 0 5 10 0 15 5 0 5 5 5 5 10 10 5 15 5 5 0 0 5 15 0 10 5 15 5 5 15 5 20 10 10 0 5 5 5 0 10 0 20 0 5 0 0 0 5 20 15 0 10 5 5 5 15 5 10 30 10 15 15 5 20 5 15 5 15 20 15 10 5 10 15 5 15 10 20 5 10 5 20 15 10 25 5 40 15 10 5 5 25 15 15 0 5 0 5 20 5 0 5 10 5 0 5 10 5 10 10 5 20 10 10 30 0 10 15 5 0 5 15 10 15 15 10 20 15 15 25 35 10 15 15 10 15 20 10 20 10 15 0 20 5 15 5 10 0 25 20 0 15 20 10 35 15 10 20 10 10 10 5 15 25 0 15 20 5 5
0 0 0 5 0 0 0 10 0 0 5 5 5 15 5 0 5 5 10 20 5 10 0 0 15 15 35 20 10 10 0 10 5 0 0 10 0 10 0 25 20 5 0 5 20 0 0 25 5 5 5 5 5 30 0 15 5 15 25 0 5 15 5 10 15 10 0 20 5 10 15 10 10 20 5 5 10 5 15 25 5 0 20 0 50 25 20 5 15 45 20 20 30 10 25 30 10 10 30 10 0 10 5 5 25 10 10 15 20 30 35 10 10 5 20 15 10 15 30 5 10 30 20 20 20 10 25 20 30 20 15 45 20 0 25 10 20 30 10 15 20 30 35 10 20 45 10 25 15 30 25 20 15 15 25 40 10 25 15 15 30 45 25 20 15 35 25 15 40 50 5 65 20 15 20 35 0 25 25 15 35 20 25 20 15 25 55 10 10 15 10 35 10 25 25 30 30 20 45 35
5 5 0 5 0 0 5 5 10 5 5 15 10 15 5 0 5 10 5 15 5 0 0 5 15 0 10 5 15 10 0 0 5 0 5 5 5 15 5 5 10 10 5 5 25 15 0 10 5 5 5 5 5 25 0 0 10 20 10 0 0 10 10 5 10 0 5 15 10 0 10 0 5 10 0 5 0 0 15 15 5 10 20 0 20 10 15 5 15 20 20 20 15 20 20 5 10 5 25 5 10 15 5 5 35 15 10 15 25 5 15 15 25 15 20 35 15 45 10 20 10 25 20 20 20 0 5 20 25 35 10 15 10 5 10 10 20 40 10 25 20 20 35 15 20 25 0 15 20 5 5 5 15 20 25 30 15 15 10 15 30 35 15 15 20 15 20 20 25 25 5 25 0 15 5 15 5 20 0 30 20 5 25 30 10 35 35 15 20 5 10 10 5 15 25 0 5 20 20 25
0 5 0 0 0 0 0 5 0 0 0 15 5 15 5 0 5 5 0 10 0 0 0 0 10 0 5 0 10 0 0 0 0 0 5 5 0 15 5 0 10 0 0 5 5 5 0 0 0 0 0 0 5 15 0 0 5 15 5 0 0 5 10 5 5 0 5 10 5 0 10 0 0 10 0 5 0 0 10 10 0 0 5 0 15 5 10 5 0 10 15 5 5 15 5 5 5 0 15 5 5 10 5 0 15 5 0 5 10 0 10 5 10 5 10 20 0 40 5 10 5 10 0 15 10 0 0 10 10 25 0 0 10 5 5 10 15 15 10 5 20 10 15 10 15 5 0 10 15 0 5 5 5 0 5 25 10 5 10 5 10 10 10 5 5 10 15 10 10 5 0 15 0 5 5 10 0 5 0 15 5 0 5 15 5 15 25 10 20 5 5 0 5 5 15 0 0 10 15 20
5 0 0 0 0 0 5 5 10 5 0 0 5 0 0 0 0 5 0 5 0 10 5 5 25 5 20 5 0 0 0 5 15 5 0 0 10 0 5 10 10 10 5 10 10 15 0 10 0 0 15 5 5 5 0 5 5 10 5 0 0 10 5 5 5 5 0 10 15 10 0 5 5 5 5 0 5 0 10 15 0 15 15 0 15 5 0 0 20 15 15 25 10 5 10 25 5 0 5 5 5 15 5 10 10 20 5 5 5 20 20 5 5 5 10 10 10 5 15 10 10 30 0 0 20 10 10 15 25 5 10 40 20 5 15 10 15 25 5 20 5 25 25 15 10 20 5 10 0 20 20 5 5 20 20 0 30 10 5 20 20 10 15 10 10 20 10 10 20 30 0 20 10 10 5 15 5 10 25 5 15 20 10 30 0 5 20 10 5 10 10 20 5 10 10 15 15 5 30 25
0 5 0 10 0 0 0 5 10 0 10 10 15 0 10 0 0 15 10 20 10 0 0 0 5 0 0 10 15 20 5 5 5 0 5 10 0 15 5 0 5 10 5 5 20 10 5 25 10 10 0 0 5 25 0 10 5 15 10 5 15 5 20 10 15 0 5 5 5 0 10 0 25 0 5 0 0 0 10 20 20 0 15 5 5 10 20 5 15 40 10 15 25 5 30 5 20 10 25 20 15 10 5 15 25 5 25 15 30 10 15 10 30 20 15 35 10 45 20 10 5 5 45 20 20 0 10 0 10 25 10 0 5 10 5 0 5 15 5 20 10 5 25 10 10 45 0 15 20 5 0 5 20 15 20 20 10 25 15 20 35 55 10 20 25 10 20 25 15 35 15 25 0 25 5 15 5 20 0 35 35 0 30 20 15 50 20 10 20 10 10 20 5 20 35 0 20 30 5 5
5 0 5 5 0 0 5 0 20 10 10 10 10 5 15 0 0 5 10 10 10 10 0 5 15 25 10 10 5 15 10 10 20 5 0 15 10 25 5 20 10 15 10 5 30 20 5 25 5 20 15 15 5 20 15 15 15 20 15 20 20 20 20 15 15 5 0 20 15 5 15 10 25 15 15 0 5 5 15 35 20 15 35 5 35 15 30 15 50 35 25 45 20 15 30 20 20 20 25 20 25 10 5 20 30 40 30 35 35 20 10 20 20 25 35 20 25 20 20 20 5 30 35 25 20 0 15 15 20 20 15 25 15 30 20 10 10 40 20 20 10 15 50 20 15 60 0 30 20 45 20 25 40 40 50 40 20 35 10 35 45 65 30 35 30 15 20 20 25 40 20 30 15 45 25 45 30 45 10 25 30 10 35 30 20 40 40 20 20 25 20 15 40 50 30 15 20 15 20 15
5 0 5 0 0 0 5 0 10 10 5 10 10 5 5 0 0 5 0 0 5 15 5 5 30 15 10 0 0 5 5 5 20 10 0 0 15 15 10 5 10 15 5 10 15 20 0 10 0 15 20 10 5 5 15 0 10 15 5 15 0 15 10 10 5 5 0 10 20 10 0 5 5 10 10 0 5 0 20 20 5 20 25 0 15 5 10 10 45 5 20 35 10 15 10 25 10 10 10 5 15 15 5 20 15 40 20 20 15 20 10 15 10 15 25 15 15 15 10 15 5 30 10 10 20 5 10 15 20 10 10 25 25 30 10 20 15 30 20 20 10 15 30 25 10 25 0 25 10 35 30 10 20 30 30 15 35 10 0 35 30 25 20 20 20 10 15 10 10 30 10 10 10 25 15 25 25 30 20 10 20 15 20 25 5 10 25 15 15 20 15 10 35 30 20 10 5 5 20 25
5 5 0 10 0 0 5 5 10 5 10 10 15 0 0 0 0 15 10 15 10 0 0 5 10 0 5 10 15 20 0 0 5 0 5 0 5 5 5 5 5 15 5 0 30 15 0 20 10 10 5 5 5 25 0 0 10 15 10 0 0 10 10 5 10 0 5 5 5 0 10 0 10 0 0 0 0 0 10 10 10 10 20 0 5 10 10 0 20 25 10 20 25 10 25 0 15 10 20 5 10 15 0 10 35 15 20 15 30 10 15 15 35 20 20 40 20 40 15 15 10 15 40 20 20 0 10 10 20 30 15 15 0 5 5 0 10 35 0 30 10 10 35 15 10 40 0 10 20 5 0 0 15 25 30 15 10 20 5 20 40 50 10 15 30 10 15 25 25 35 10 20 0 15 5 10 5 25 0 35 35 5 35 25 10 45 20 10 10 0 10 20 0 20 35 0 10 30 10 10
5 0 10 0 0 0 5 5 10 5 10 15 0 25 15 0 5 0 10 10 0 15 0 5 25 30 25 15 5 0 0 5 25 10 0 15 15 10 0 40 20 5 5 5 25 10 0 25 0 20 25 25 10 30 20 15 15 25 20 20 10 20 20 5 15 5 0 35 10 5 30 20 10 40 20 5 15 10 20 50 0 20 30 0 70 30 30 15 25 35 45 55 30 25 15 45 10 20 25 5 15 20 5 20 40 60 10 50 40 40 25 20 5 25 50 10 30 20 20 25 10 45 0 25 15 5 30 25 35 35 10 45 35 10 35 20 20 55 20 15 25 30 65 40 20 70 5 25 25 55 25 35 30 40 60 60 20 30 10 20 30 35 45 25 25 35 15 10 45 35 10 50 35 40 45 60 35 60 30 20 40 25 30 35 15 30 75 30 20 30 20 20 55 80 25 30 20 15 55 40
15 0 5 5 0 0 15 0 40 20 10 10 10 5 15 0 0 5 10 10 10 10 0 15 25 25 20 10 5 15 10 10 30 5 0 15 20 25 5 30 10 25 20 5 50 40 5 25 5 20 25 25 5 20 15 15 25 30 15 20 20 30 20 15 15 5 0 30 25 5 15 10 25 15 15 0 5 5 15 45 20 35 55 5 45 15 30 15 70 35 35 75 20 25 40 20 20 20 25 20 35 20 5 20 50 60 30 45 45 20 10 30 30 35 45 30 45 20 20 40 15 60 35 25 30 0 15 35 40 30 25 55 15 30 30 10 20 80 20 40 10 35 80 30 25 70 0 30 20 55 20 25 50 70 80 40 30 45 10 45 65 75 40 45 40 25 20 30 45 50 20 30 15 55 25 55 40 55 10 35 30 20 45 60 20 50 50 30 20 25 30 15 40 60 30 15 20 15 30 25
0 0 0 0 0 0 0 0 20 5 0 5 15 0 20 0 0 10 0 10 5 15 10 0 35 20 5 0 0 5 15 15 30 10 0 20 10 35 15 0 15 15 10 30 5 25 10 20 0 5 20 0 10 10 5 20 5 15 5 15 30 10 30 20 20 5 0 20 35 15 0 10 40 10 20 0 0 0 25 30 25 10 20 10 15 0 25 15 45 40 30 25 0 5 25 40 25 5 25 35 25 10 20 30 0 25 30 10 10 20 20 5 5 10 15 15 0 25 25 10 0 25 20 10 35 10 0 5 20 0 5 15 40 40 20 25 15 5 30 20 5 20 25 10 15 40 0 35 5 35 35 25 30 15 15 20 65 25 20 45 25 40 25 30 15 10 30 15 0 40 15 25 10 45 5 30 15 15 30 10 10 10 15 40 15 20 25 20 35 35 15 20 30 10 20 15 30 0 30 25
5 0 5 5 0 0 5 5 20 5 10 5 10 5 15 0 0 10 5 15 5 15 5 5 30 5 20 10 5 10 5 10 25 10 0 10 15 10 5 10 10 15 10 15 20 20 5 30 5 15 20 10 5 15 10 15 5 20 10 15 15 10 20 10 15 5 0 15 20 10 0 5 25 10 15 0 10 0 20 45 15 20 30 5 25 15 20 10 35 40 25 50 30 10 30 40 15 10 20 20 20 20 10 30 25 35 25 30 30 35 25 15 15 25 25 20 20 20 25 20 10 40 25 5 30 10 25 15 30 15 15 40 35 15 20 15 15 35 15 30 10 30 40 30 15 55 5 25 10 35 25 10 25 40 40 15 35 25 15 35 40 40 25 30 25 30 20 20 25 55 15 35 15 40 15 35 25 35 30 25 45 25 30 40 10 35 40 20 20 30 20 30 30 45 25 15 30 20 30 30
10 5 5 0 0 0 10 10 40 15 5 30 10 35 35 0 10 5 10 30 5 15 0 10 40 40 40 15 15 5 15 20 35 5 5 40 15 60 10 45 35 15 20 20 45 40 10 30 0 15 25 25 15 45 15 35 30 55 30 25 40 40 45 30 30 10 5 60 35 10 40 20 40 45 25 10 10 10 30 80 25 25 60 10 100 30 60 30 65 75 70 85 25 45 50 50 30 20 55 45 45 30 20 20 60 65 25 55 55 30 35 30 25 35 60 40 35 70 40 50 20 80 20 50 45 5 20 50 55 60 20 65 45 40 55 30 45 90 45 30 45 60 105 40 55 90 5 55 40 75 40 55 65 60 85 100 50 65 40 50 70 90 70 60 35 55 50 40 65 60 20 80 30 75 45 95 40 60 25 45 30 25 40 85 35 65 110 50 60 50 40 20 60 75 45 35 40 20 75 65
0 0 5 0 0 0 0 0 0 0 5 10 10 20 10 0 5 10 10 5 0 15 10 0 40 40 5 10 5 0 0 0 35 15 0 15 15 10 10 30 25 10 0 25 15 10 0 25 0 10 35 15 20 40 10 10 10 10 15 10 10 10 25 0 25 0 0 40 25 10 30 30 20 45 25 5 5 10 35 20 0 15 10 0 50 20 25 10 15 35 55 15 10 15 5 55 20 15 35 0 5 15 15 30 25 55 15 30 25 40 35 10 0 10 45 15 15 25 20 10 0 25 0 25 25 10 10 10 40 25 0 20 50 15 35 35 20 25 25 25 15 20 50 25 10 70 0 25 20 40 30 45 20 10 30 55 65 20 5 25 5 25 40 10 25 10 20 0 25 30 5 45 35 35 30 35 15 50 45 10 25 15 30 35 15 20 60 30 25 25 5 30 45 45 25 30 20 5 70 40
5 5 0 5 0 0 5 10 10 5 5 10 15 0 0 0 0 15 5 15 5 10 5 5 30 5 20 10 10 10 0 5 15 5 5 0 10 5 10 10 15 15 5 10 20 20 0 20 5 5 15 5 10 20 0 5 10 20 10 0 0 15 15 10 10 5 5 10 15 10 10 5 10 5 5 0 5 0 15 20 5 15 20 0 15 10 5 0 25 30 20 30 25 10 20 25 15 5 15 10 10 25 5 15 25 25 15 10 20 25 30 10 25 15 20 35 15 40 25 15 15 30 20 15 30 10 15 15 30 25 15 40 20 10 15 10 20 35 5 30 15 25 40 25 15 40 5 15 15 20 20 5 10 25 30 10 35 20 10 30 40 35 20 15 25 25 20 25 30 45 5 30 10 15 10 20 5 20 25 25 35 20 25 40 5 30 30 15 15 10 15 30 5 20 35 15 20 25 35 30
0 0 0 0 0 0 0 5 20 0 0 0 0 0 20 0 0 0 0 15 0 5 0 0 5 0 15 5 0 0 10 15 10 0 0 20 0 20 0 5 5 0 10 10 0 10 10 15 0 0 0 0 0 0 0 25 0 15 5 10 30 5 20 15 10 5 0 10 10 5 0 0 30 0 10 0 5 0 0 40 20 0 15 10 20 5 20 10 15 40 10 30 10 0 25 20 10 0 10 35 20 5 10 10 0 0 10 10 10 10 10 0 0 10 0 0 0 10 20 10 5 20 10 0 15 5 10 5 5 0 5 20 15 10 15 0 5 5 10 0 5 20 15 5 15 25 5 15 0 20 10 10 20 15 15 10 10 25 25 15 20 25 15 25 0 25 15 15 10 25 10 25 5 30 5 30 10 0 10 10 10 10 0 25 10 20 20 10 20 25 15 10 10 15 5 10 30 5 10 10
5 5 5 5 0 0 5 20 10 5 10 15 10 5 5 0 0 10 10 25 5 20 0 5 30 15 50 25 10 10 0 15 15 5 5 5 10 5 5 35 25 10 5 0 25 15 0 35 5 15 15 15 10 25 10 20 15 35 25 10 5 30 20 20 10 15 5 15 5 15 25 10 10 15 10 0 20 5 10 55 5 15 35 0 55 30 15 5 35 55 25 65 55 15 30 45 15 15 15 20 15 35 0 15 35 40 15 30 35 50 45 15 25 25 35 30 25 40 45 20 25 50 20 25 30 15 45 25 35 35 25 80 25 10 30 5 25 55 5 20 30 40 65 45 25 70 15 25 25 55 35 15 20 45 60 30 15 40 20 35 65 55 40 30 30 60 25 35 60 70 10 65 30 25 40 60 20 40 40 30 65 40 30 45 10 40 65 20 15 25 30 45 25 65 50 40 40 40 55 45
5 0 0 0 0 0 5 0 10 5 0 0 5 0 0 0 0 5 0 0 0 5 5 5 20 5 5 0 0 0 0 0 15 5 0 0 10 0 5 5 5 10 5 10 10 15 0 5 0 0 15 5 5 5 0 0 5 5 0 0 0 5 5 0 5 0 0 10 15 5 0 5 5 5 5 0 0 0 10 5 0 15 10 0 5 0 0 0 15 5 15 15 0 5 5 15 5 0 5 0 5 10 5 10 10 20 5 5 5 10 10 5 5 5 10 10 10 5 5 10 5 20 0 0 15 5 0 10 20 5 5 20 15 5 10 10 10 20 5 20 0 15 20 10 5 15 0 5 0 10 10 5 5 15 15 0 30 5 0 15 10 5 10 5 10 5 5 5 10 15 0 5 5 10 0 5 5 10 15 5 5 10 10 25 0 5 10 10 5 5 5 10 5 5 5 5 5 0 20 15
0 0 5 0 0 0 0 0 10 0 5 5 0 5 15 0 0 0 0 5 0 5 0 0 5 0 0 0 0 0 5 5 10 5 0 10 5 10 0 0 0 0 5 5 0 5 5 10 0 10 5 5 0 0 10 10 0 10 0 15 15 0 15 5 5 0 0 5 5 0 0 0 15 5 10 0 5 0 5 30 10 5 10 5 10 5 15 10 10 15 10 25 10 5 10 15 5 5 5 15 15 5 5 15 5 15 10 20 15 10 0 5 0 15 10 0 5 10 5 10 0 10 5 0 5 0 10 0 0 5 0 0 15 10 5 5 0 5 10 0 5 5 10 15 5 20 0 10 5 15 5 5 15 15 15 10 5 10 10 10 10 10 10 15 5 10 5 5 0 10 10 5 5 25 10 20 20 15 5 10 15 5 5 10 5 15 15 10 15 20 10 0 25 30 5 0 10 5 0 5
5 5 0 0 0 0 5 10 20 5 0 10 5 0 10 0 0 5 0 15 0 5 0 5 15 0 20 5 5 0 5 10 10 0 5 10 5 15 5 10 10 5 10 5 10 20 5 10 0 0 5 5 5 5 0 15 10 25 5 5 15 15 20 15 5 5 5 10 10 5 10 0 15 0 5 0 5 0 0 35 10 10 20 5 20 5 10 5 20 30 15 40 15 10 20 15 10 0 5 25 20 20 5 5 15 15 5 10 15 10 15 5 15 15 10 20 10 35 20 20 15 30 5 10 20 5 10 15 15 20 10 35 10 10 15 0 15 30 5 10 15 25 35 20 20 25 5 10 10 20 10 5 15 25 30 10 15 25 20 20 35 25 20 20 10 30 15 25 25 25 5 20 5 20 10 30 10 5 10 20 15 15 5 40 5 25 25 15 20 15 20 10 5 20 20 10 20 15 20 20
0 0 0 5 0 0 0 0 20 5 5 15 15 30 30 0 10 10 10 25 10 10 5 0 30 30 15 10 15 15 15 15 25 5 0 35 5 55 10 15 25 15 10 30 30 20 10 30 5 10 15 5 10 45 5 25 10 25 25 15 35 15 30 20 35 5 0 45 35 10 15 15 45 35 20 10 0 5 40 40 30 5 35 10 60 20 55 25 45 65 50 25 10 25 45 40 30 15 65 35 25 5 25 25 35 25 35 30 35 20 30 20 15 15 35 30 10 45 30 20 0 40 40 35 40 5 5 25 40 30 10 15 45 35 35 35 30 35 45 30 25 35 50 5 35 65 0 55 25 40 35 45 50 20 30 80 55 40 30 40 35 80 40 45 25 20 50 20 25 55 20 70 15 60 15 50 15 40 20 30 20 5 40 45 35 50 75 30 50 40 15 25 40 25 30 20 35 10 50 45
0 0 15 0 0 0 0 0 10 10 15 25 25 15 25 0 0 15 0 5 10 40 15 0 70 35 10 0 0 10 15 15 50 30 0 10 30 40 25 0 25 25 5 35 10 30 5 35 0 40 45 15 15 15 40 10 10 30 10 45 15 20 40 25 20 10 0 20 45 25 0 15 30 30 35 0 15 0 55 60 20 30 40 5 30 15 35 30 85 30 50 65 30 25 20 80 30 25 30 25 35 30 20 65 15 85 55 50 35 60 30 25 10 35 55 25 15 45 30 20 0 45 25 20 45 15 30 10 30 15 10 25 80 75 20 55 25 25 55 30 25 20 45 60 15 70 0 65 25 80 75 30 45 45 45 40 90 20 10 80 50 50 45 45 40 20 40 15 0 70 30 30 30 70 40 60 60 70 60 20 60 30 40 40 15 25 60 35 50 65 30 30 100 80 50 25 25 15 45 55
0 5 0 5 0 0 0 10 0 5 5 15 20 0 0 0 0 15 10 15 10 15 5 0 30 30 20 15 10 15 5 10 15 5 5 5 5 20 15 20 25 15 0 10 20 15 0 25 5 10 15 5 15 30 5 10 15 20 20 5 5 25 20 20 15 10 5 15 15 15 25 15 15 15 10 0 5 5 20 15 10 5 20 0 30 15 15 5 40 40 25 20 25 10 20 30 25 15 25 15 10 20 5 15 20 30 25 10 20 30 35 10 25 10 30 35 10 45 35 5 10 20 30 35 30 10 15 10 25 25 15 35 20 30 20 15 20 25 15 20 20 15 45 20 15 55 5 30 25 40 35 25 20 15 30 35 40 30 10 40 45 60 30 20 30 20 30 25 30 50 10 45 20 20 25 35 5 30 30 20 35 15 30 30 15 30 40 15 20 15 15 35 20 25 50 30 25 25 45 30
0 0 5 0 0 0 0 15 0 10 5 20 15 20 10 0 5 5 5 20 10 35 5 0 50 40 60 20 5 10 10 25 20 10 0 10 10 40 15 30 40 15 0 15 20 15 0 30 0 20 20 10 10 25 20 20 15 35 35 20 5 40 15 35 15 25 0 25 25 30 15 15 10 30 15 5 20 5 35 50 10 10 45 0 75 30 30 20 75 50 35 55 40 25 30 65 20 20 35 25 15 25 10 20 20 45 30 25 20 55 50 20 10 10 40 20 10 30 50 10 15 60 20 35 40 20 40 35 40 20 25 80 50 50 35 35 40 45 40 15 40 45 55 35 35 55 15 65 25 85 80 35 35 35 45 60 45 35 20 60 65 70 50 45 25 55 50 25 45 85 15 85 35 35 45 75 25 45 55 10 50 40 30 35 20 15 85 20 30 45 30 45 55 50 50 55 40 20 70 70
5 0 0 5 0 0 5 0 10 5 5 15 10 45 15 0 15 10 5 20 5 5 5 5 35 5 20 5 20 10 0 0 15 5 0 15 10 30 5 5 20 15 5 25 35 15 0 15 5 5 15 5 5 45 0 0 5 20 20 0 0 5 5 0 25 0 0 40 30 5 0 5 10 35 5 15 0 0 45 20 5 15 30 0 50 20 35 15 20 30 45 15 10 35 30 30 10 5 60 0 5 10 20 15 50 20 15 25 30 15 30 25 15 10 30 35 15 40 10 25 5 50 20 20 35 5 5 40 55 40 10 20 45 5 25 40 40 55 35 45 30 45 40 10 35 30 0 40 20 10 25 20 25 20 20 65 45 10 15 20 20 40 25 25 20 20 40 10 30 45 5 60 5 30 0 20 5 35 15 30 20 10 40 40 20 35 75 25 35 20 5 20 20 10 15 5 10 10 50 60
5 0 0 5 0 0 5 10 20 5 5 10 10 30 20 0 10 10 10 30 5 15 5 5 40 20 45 20 15 10 5 15 25 5 0 25 10 30 5 30 30 15 10 25 35 20 5 35 5 5 20 10 10 45 0 25 10 30 30 5 20 20 20 15 30 10 0 45 30 15 15 15 30 35 15 10 10 5 35 50 15 15 40 5 75 30 40 15 35 70 50 45 30 25 45 55 20 10 55 25 15 20 20 20 45 30 20 30 35 40 50 20 15 15 35 30 20 35 40 25 15 65 25 25 45 15 25 40 60 35 20 65 50 10 45 30 40 60 30 40 30 60 65 20 40 70 10 45 20 45 40 35 35 35 45 65 50 40 30 35 45 65 45 40 25 50 45 25 55 75 10 90 25 45 20 55 10 40 40 30 40 30 40 60 25 45 90 30 35 35 20 45 25 35 30 35 45 20 75 65
5 0 0 0 0 0 5 5 10 5 0 5 10 15 5 0 5 10 0 10 0 15 10 5 45 10 25 5 5 0 0 5 25 10 0 5 15 10 10 10 20 15 5 25 15 20 0 15 0 0 25 5 10 20 0 5 5 15 10 0 0 10 10 5 15 5 0 25 30 15 0 10 10 20 10 5 5 0 30 20 0 20 20 0 30 10 10 5 25 25 35 25 10 15 15 45 10 0 25 5 5 20 15 20 20 30 10 10 10 30 35 10 5 5 20 20 10 20 20 15 10 45 0 5 35 15 10 25 45 15 10 45 45 10 25 30 30 35 20 35 15 40 35 20 20 30 5 25 5 25 35 15 10 20 20 20 60 10 10 30 20 15 25 15 15 25 25 10 25 45 0 40 15 20 5 20 5 20 40 10 20 25 20 45 5 10 45 20 20 20 10 30 15 10 15 20 20 5 55 50
0 5 5 0 0 0 0 15 10 0 5 15 5 5 15 0 0 5 0 20 0 15 0 0 20 0 30 10 5 0 5 15 10 5 5 10 5 15 5 10 15 0 5 5 0 10 5 20 0 10 5 5 5 5 10 20 5 30 10 15 15 15 25 20 5 10 5 5 5 10 10 0 15 5 10 0 15 0 5 55 10 5 20 5 30 15 15 10 20 40 15 50 35 10 20 35 10 5 5 30 20 25 5 15 10 20 10 20 20 30 25 5 10 20 15 15 5 40 30 15 15 30 5 10 20 10 30 10 10 20 10 40 25 15 15 5 15 20 10 0 25 25 30 35 20 35 10 20 15 35 25 5 15 25 30 15 10 25 25 25 40 25 25 25 10 45 20 25 25 40 10 35 15 25 25 45 20 15 25 20 40 25 5 30 5 25 40 15 25 30 25 20 25 45 30 20 30 25 25 30
5 0 5 5 0 0 5 0 20 10 10 20 15 35 25 0 10 10 10 20 10 15 5 5 40 30 20 10 15 15 10 10 30 10 0 25 15 45 10 20 25 20 10 25 40 25 5 30 5 20 25 15 10 45 15 15 15 30 25 20 20 20 25 15 30 5 0 45 35 10 15 15 30 40 20 10 5 5 45 45 20 20 45 5 65 25 50 25 55 50 55 45 20 35 40 45 25 20 60 20 25 15 20 30 50 50 35 45 45 30 30 30 20 25 50 35 25 45 25 30 5 55 35 35 40 5 15 35 50 40 15 30 50 35 35 40 35 60 45 40 30 40 65 25 35 70 0 55 30 50 40 40 50 40 50 80 55 35 20 45 45 75 45 45 35 25 45 20 35 60 20 65 20 60 25 55 30 60 25 35 35 15 50 50 30 50 85 35 45 40 20 25 55 50 35 20 25 15 55 55
0 0 0 10 0 0 0 0 20 0 10 0 15 0 20 0 0 15 10 20 10 5 5 0 15 5 0 10 10 20 10 10 20 5 0 20 5 20 5 0 5 15 10 20 20 15 10 35 10 10 10 0 5 25 0 20 0 10 10 10 30 0 25 10 25 0 0 15 20 5 0 5 45 5 15 0 0 0 20 30 30 5 20 10 10 10 30 10 25 55 20 20 20 0 40 25 25 10 35 30 20 5 15 30 20 10 35 20 30 20 20 10 20 20 15 25 10 25 25 10 0 15 50 10 30 5 10 0 20 10 10 5 25 15 15 10 5 10 15 30 0 15 25 5 10 60 0 25 10 15 10 15 30 20 20 20 35 30 20 30 30 60 15 30 25 10 25 20 10 50 20 35 5 45 0 20 10 25 15 30 35 5 35 30 20 50 25 15 25 25 10 30 15 20 25 5 35 20 15 10
5 0 10 0 0 0 5 0 10 5 10 10 0 10 10 0 0 0 5 0 0 10 0 5 15 15 5 5 0 0 0 0 20 10 0 5 15 0 0 20 5 5 5 0 15 10 0 15 0 20 20 20 5 10 20 5 10 15 5 20 5 10 15 0 5 0 0 15 5 0 15 10 5 20 15 0 10 5 10 35 0 20 20 0 30 15 15 10 20 10 25 45 20 15 5 25 5 15 5 0 15 15 0 20 25 50 10 40 30 25 5 15 5 25 35 5 25 10 5 20 5 25 0 10 5 0 20 10 15 20 5 20 20 10 15 10 5 35 10 10 10 10 40 35 5 45 0 10 15 35 10 15 20 35 45 25 10 15 0 15 20 15 25 15 20 15 0 5 20 15 10 10 20 30 30 35 35 45 15 15 30 15 20 20 5 20 35 20 10 20 15 5 45 65 15 10 5 10 20 15
0 0 5 0 0 0 0 0 20 0 5 15 0 35 35 0 10 0 5 20 0 5 0 0 15 15 10 5 10 0 10 10 20 5 0 35 5 40 0 15 15 0 10 20 15 10 10 20 0 10 10 10 5 30 10 25 5 25 15 20 35 5 30 10 25 0 0 40 20 0 15 10 35 35 20 10 5 5 25 55 20 5 25 10 60 20 50 25 15 50 45 35 10 25 30 35 15 10 45 30 25 5 20 20 30 25 15 40 35 15 15 15 0 20 30 10 10 35 15 25 0 35 10 20 20 0 10 20 25 30 0 5 40 15 30 25 20 30 35 10 25 30 40 15 30 50 0 35 20 30 15 35 40 20 30 70 25 30 30 15 15 40 35 35 10 25 30 10 20 25 15 50 15 55 20 50 25 35 10 25 15 5 20 35 25 40 70 30 45 40 15 5 45 45 10 10 25 5 35 35
0 0 0 5 0 0 0 15 10 0 5 0 10 0 10 0 0 10 15 25 5 20 5 0 30 35 45 30 5 10 5 20 25 5 0 20 5 10 5 45 30 10 5 15 20 10 5 45 5 5 20 10 15 35 0 35 10 20 30 5 25 25 25 20 25 15 0 30 15 20 30 25 35 25 20 0 15 10 15 45 15 5 25 5 65 30 25 5 30 80 35 40 40 0 35 60 25 15 30 30 10 20 10 20 20 30 20 20 25 55 55 5 10 10 30 15 15 15 55 5 15 40 25 25 35 20 35 15 40 15 20 75 35 10 45 10 20 30 10 20 15 40 60 20 20 90 15 30 15 60 40 40 25 25 45 40 40 50 25 35 45 65 45 30 25 50 30 25 55 75 10 85 40 35 35 60 5 35 55 15 50 35 30 45 20 35 65 20 15 30 20 60 20 45 40 55 60 25 75 40
0 5 5 5 0 0 0 5 0 5 10 20 15 5 5 0 0 10 10 10 10 10 0 0 15 25 5 10 10 15 5 5 10 5 5 5 5 20 10 15 15 10 0 0 20 10 0 20 5 20 10 10 10 25 15 5 15 20 15 15 5 20 20 15 10 5 5 10 5 5 25 10 10 15 10 0 5 5 15 20 10 5 20 0 25 15 20 10 35 25 20 25 25 15 15 15 20 20 20 10 15 15 0 15 25 35 25 25 30 20 15 15 25 20 35 30 15 45 20 10 5 10 30 35 15 0 15 5 10 30 10 10 10 30 10 10 10 25 15 10 20 0 40 25 10 50 0 25 30 35 20 20 25 20 35 40 15 25 5 30 40 55 25 20 30 10 20 20 20 30 15 25 15 25 30 35 20 40 10 25 35 5 30 15 15 35 35 15 20 15 15 15 35 45 45 15 10 25 20 15
5 0 15 0 0 0 5 5 10 10 15 20 5 15 15 0 0 0 0 5 5 25 0 5 30 10 25 5 0 5 5 10 20 15 0 0 20 15 5 10 10 10 5 0 15 15 0 20 0 35 20 20 0 0 35 5 10 30 10 35 0 20 15 15 0 10 0 5 10 10 0 0 0 15 15 0 20 0 20 60 5 25 40 0 35 20 20 20 55 10 20 75 40 25 15 40 5 20 5 10 25 25 0 30 25 60 25 50 35 40 10 25 10 35 40 10 25 20 15 25 10 45 10 10 15 5 40 20 15 20 15 40 35 35 10 20 15 45 25 10 25 20 40 55 15 40 5 35 20 60 40 5 30 55 55 25 10 15 5 40 50 30 30 35 25 35 15 15 20 45 20 20 20 40 40 55 55 55 25 20 55 30 25 20 5 20 50 20 20 40 30 10 70 85 30 15 10 20 15 35
5 0 5 5 0 0 5 0 20 5 10 10 5 20 20 0 5 5 10 15 5 5 0 5 15 15 10 10 10 10 5 5 20 5 0 20 10 20 0 20 10 10 10 10 30 15 5 25 5 15 15 15 5 30 10 15 10 20 15 15 20 10 20 5 20 0 0 30 15 0 15 10 25 25 15 5 5 5 20 40 15 15 30 5 45 20 35 15 25 40 35 40 20 20 30 25 15 15 35 15 20 10 10 20 40 35 20 40 40 20 15 20 15 25 35 20 25 25 15 25 5 35 25 20 20 0 15 20 30 30 10 20 25 10 25 15 15 45 20 25 15 25 50 20 20 60 0 25 20 30 10 25 35 35 45 50 20 30 15 20 30 50 30 30 25 20 20 15 30 35 15 40 15 45 20 40 25 45 10 30 30 10 35 35 20 45 55 25 25 25 15 15 35 50 20 10 20 15 30 25
0 0 0 10 0 0 0 10 10 0 10 5 10 15 15 0 5 10 10 30 10 10 0 0 15 0 35 20 15 20 5 15 5 0 0 15 0 20 0 10 15 10 5 10 25 5 5 35 10 10 0 0 0 30 0 20 0 20 25 5 15 10 10 15 20 10 0 15 10 10 0 0 25 10 5 5 10 0 20 40 20 0 30 5 40 25 30 10 25 60 15 30 40 10 45 30 15 10 40 25 10 10 10 15 30 0 25 20 30 30 35 15 20 15 15 25 10 25 35 10 10 35 45 15 30 10 30 20 30 20 20 40 25 5 20 10 20 30 15 25 20 35 30 10 25 50 10 35 15 25 25 10 25 25 25 35 10 30 25 25 45 65 20 35 20 40 35 25 35 70 15 70 10 30 10 35 5 25 20 30 50 20 35 25 20 45 55 10 20 25 15 40 10 25 30 20 40 30 30 35
0 0 0 5 0 0 0 10 10 0 5 0 15 0 10 0 0 15 10 20 5 20 10 0 40 25 30 20 5 10 5 15 30 10 0 15 10 10 10 25 25 15 5 25 15 15 5 40 5 5 25 5 15 30 0 25 5 15 20 5 20 15 25 15 25 10 0 25 25 20 15 20 35 20 20 0 10 5 25 35 15 10 20 5 40 20 20 5 30 65 35 30 30 0 30 60 25 10 30 25 10 20 15 30 15 30 25 15 20 50 50 5 10 10 25 20 10 20 45 5 10 35 25 15 40 20 25 10 40 10 15 55 45 15 35 20 20 20 15 30 10 35 45 20 15 75 10 30 10 45 40 30 20 20 30 25 60 35 20 40 35 50 35 25 25 35 30 20 35 70 10 65 30 35 20 40 5 30 55 15 45 30 30 45 15 30 50 20 20 30 15 55 20 30 35 40 50 20 65 40
0 5 0 5 0 0 0 10 0 5 5 20 20 15 5 0 5 15 5 20 10 15 5 0 35 15 25 10 15 15 5 10 10 5 5 5 5 30 15 5 25 15 0 15 20 15 0 20 5 10 10 0 10 30 5 5 10 25 20 5 0 20 15 20 15 10 5 15 20 15 10 5 10 15 5 5 5 0 30 20 10 5 25 0 30 15 20 10 40 35 25 20 25 20 25 30 20 10 35 15 10 20 10 15 25 20 25 10 20 25 35 15 25 10 25 40 5 55 30 10 10 30 30 30 35 10 15 20 30 30 15 30 30 30 15 25 30 30 25 25 30 25 35 20 25 35 5 40 25 30 40 15 20 15 20 40 40 20 15 40 45 55 25 25 25 25 40 25 25 55 10 50 10 20 15 30 5 25 25 25 35 15 30 30 15 30 50 15 30 20 15 30 20 15 45 20 20 25 40 45
5 5 0 5 0 0 5 5 20 5 5 15 10 15 15 0 5 10 5 20 5 0 0 5 15 0 10 5 15 10 5 5 10 0 5 15 5 25 5 5 10 10 10 10 25 20 5 15 5 5 5 5 5 25 0 10 10 25 10 5 15 10 20 10 15 0 5 20 15 0 10 0 20 10 5 5 0 0 15 30 15 10 25 5 25 10 25 10 20 35 25 30 15 20 30 10 15 5 30 20 20 15 10 10 35 15 15 20 30 5 15 15 25 20 20 35 15 50 15 25 10 30 25 20 25 0 5 20 25 35 10 15 15 10 15 10 20 40 15 25 20 25 40 15 25 35 0 20 20 10 5 10 25 25 30 35 20 25 20 20 35 45 20 25 20 20 25 25 25 30 10 30 0 30 5 25 10 20 0 35 20 5 25 40 15 45 40 20 30 15 15 10 10 20 25 0 15 20 20 25
0 0 5 0 0 0 0 5 0 5 5 10 5 5 5 0 0 0 0 5 5 15 0 0 15 10 20 5 0 5 5 10 5 5 0 0 5 15 5 5 10 5 0 0 5 5 0 10 0 15 5 5 0 0 15 5 5 15 10 15 0 15 5 15 0 10 0 0 5 10 0 0 0 5 5 0 10 0 10 25 5 5 20 0 20 10 10 10 35 10 5 30 20 10 10 20 5 10 5 10 10 10 0 10 5 20 15 15 10 20 10 10 5 10 15 5 5 10 15 5 5 20 10 10 10 5 20 10 5 5 10 25 15 25 5 10 10 15 15 0 15 10 15 20 10 15 5 25 10 35 30 5 15 20 20 15 5 10 5 25 30 25 15 20 10 20 15 10 10 30 10 20 10 15 20 30 20 20 15 5 25 15 10 5 5 5 25 5 10 20 15 10 30 30 20 15 10 10 10 20
0 5 5 5 0 0 0 5 10 0 10 20 25 20 20 0 5 25 15 20 5 20 15 0 60 45 5 15 15 10 5 5 50 20 5 25 20 25 20 30 35 20 5 40 25 25 5 45 5 15 45 15 30 60 10 20 15 25 20 15 25 15 50 10 40 0 5 50 40 15 40 35 45 50 35 5 5 10 50 40 15 20 20 5 55 25 40 15 30 70 75 30 25 20 25 75 40 20 55 20 20 30 25 50 40 70 35 40 45 55 55 15 20 25 60 45 20 70 40 20 5 35 25 40 50 15 15 10 55 45 5 25 70 30 45 45 30 35 35 45 25 30 75 40 20 110 0 40 35 50 40 55 35 20 45 70 100 40 20 50 30 60 55 25 45 20 40 20 35 60 15 65 40 60 35 50 20 65 60 35 50 20 50 65 25 55 80 45 50 40 15 50 55 60 55 35 40 25 90 55
5 0 0 0 0 0 5 15 20 5 0 5 5 15 15 0 5 5 0 25 0 20 5 5 40 5 55 15 5 0 5 20 20 5 0 15 10 20 5 20 25 10 10 20 15 20 5 25 0 0 15 5 5 15 0 25 5 30 20 5 15 20 15 20 15 15 0 25 25 20 0 5 20 15 10 5 15 0 20 55 10 15 35 5 55 20 20 10 35 55 30 55 30 15 35 55 10 0 25 30 15 25 15 15 20 20 10 15 15 40 45 10 5 10 15 15 10 20 40 20 20 65 5 5 40 20 30 35 45 15 20 80 45 10 35 20 35 45 20 25 25 60 45 25 35 40 15 35 5 45 45 15 20 35 35 25 40 30 30 35 45 35 35 35 10 60 35 25 45 70 5 70 20 30 15 50 10 15 45 15 35 40 15 55 10 20 65 20 25 35 25 40 15 25 20 35 45 15 60 60
10 0 0 5 0 0 10 0 20 15 5 10 10 15 5 0 5 5 5 10 10 5 0 10 20 10 20 5 10 15 5 5 10 0 0 5 10 25 5 10 10 20 10 5 40 25 0 10 5 10 10 10 0 20 5 0 15 20 15 5 0 20 0 10 10 5 0 20 20 5 0 0 5 10 0 5 0 0 20 15 10 20 40 0 30 10 20 10 50 15 20 35 10 25 30 5 10 10 30 5 15 10 5 5 40 25 20 20 25 5 10 25 25 15 25 30 25 20 10 25 10 45 30 20 25 0 5 35 35 25 20 35 10 20 15 15 25 60 20 35 15 30 45 10 25 25 0 30 15 25 20 10 30 40 40 35 20 20 5 30 45 55 20 30 25 15 25 20 30 40 10 30 0 25 5 25 15 30 0 25 15 10 35 35 15 30 40 15 15 10 15 10 15 15 20 5 5 10 20 30
5 0 0 0 0 0 5 0 20 25 0 20 20 0 10 0 0 0 10 5 20 20 0 5 25 70 25 10 0 20 25 25 20 0 0 20 5 70 20 35 30 25 10 5 40 35 5 15 0 20 15 15 10 20 20 20 35 30 30 25 25 55 20 45 15 20 0 30 30 20 30 20 25 20 15 0 0 10 20 20 30 10 55 5 60 10 40 25 115 35 30 45 0 25 35 15 35 30 35 35 35 5 5 5 20 50 45 20 20 10 10 25 25 10 45 25 20 25 35 15 5 40 45 60 30 0 0 30 20 15 25 45 5 85 30 20 25 50 45 10 20 15 70 5 30 55 0 65 30 90 60 55 65 40 60 75 40 55 10 70 75 115 50 55 35 10 45 30 30 50 25 45 20 50 40 75 30 45 10 10 0 5 35 35 35 25 50 20 30 30 30 10 55 30 50 40 20 0 35 25
5 10 10 10 0 0 5 15 30 5 20 50 20 70 50 0 20 20 10 55 10 15 0 5 50 0 40 15 40 20 10 15 25 10 10 40 15 70 10 10 35 15 15 30 50 30 10 45 10 30 15 15 10 70 20 25 15 70 35 30 30 20 50 25 40 5 10 55 35 5 20 0 40 50 20 20 15 0 60 105 30 20 65 10 95 45 80 40 45 90 75 85 60 65 70 60 30 20 90 45 45 40 30 40 90 50 40 75 85 40 50 45 45 55 65 75 30 130 40 60 20 85 50 50 60 5 40 55 65 95 20 35 75 30 40 50 60 95 60 50 75 70 90 60 70 90 5 75 60 45 40 30 65 60 70 120 45 50 55 50 80 100 60 70 45 70 75 50 60 90 30 105 15 85 35 85 45 75 20 85 80 25 65 80 40 105 145 55 90 65 40 30 70 90 65 10 40 55 65 95
0 0 0 0 0 0 0 5 10 5 0 20 10 45 25 0 15 5 5 25 5 15 5 0 40 30 35 10 15 5 10 15 20 5 0 30 5 55 10 20 35 10 5 30 25 15 5 20 0 5 15 5 10 45 5 20 10 30 30 10 20 20 20 20 30 10 0 50 35 15 15 15 25 45 15 15 5 5 45 40 15 5 35 5 80 25 50 25 40 55 55 25 10 35 35 50 20 10 65 25 15 10 25 15 35 25 20 25 25 25 40 20 5 5 35 25 5 45 30 20 5 55 15 35 40 10 10 40 50 35 10 35 55 30 40 45 45 45 50 25 40 50 50 10 45 45 5 60 25 45 50 45 40 15 25 90 55 30 30 35 30 60 45 40 15 35 55 15 35 55 10 85 20 45 20 55 10 35 30 20 15 15 30 45 30 30 95 30 50 40 15 25 40 20 25 30 30 5 70 70
0 5 5 0 0 0 0 10 30 0 5 15 5 5 35 0 0 5 10 25 0 10 0 0 15 30 15 15 5 0 15 20 30 5 5 40 5 35 5 35 20 0 15 15 10 20 15 35 0 10 15 15 15 25 10 45 15 35 15 25 55 20 55 25 25 5 5 35 15 5 40 20 55 25 30 0 10 10 5 75 30 5 25 15 60 20 45 20 25 80 45 60 25 10 35 45 30 15 25 55 40 20 15 25 20 40 20 40 40 30 25 5 10 30 35 15 15 50 40 25 10 30 15 30 25 5 20 5 15 30 5 30 30 25 40 5 10 25 20 0 20 25 65 30 25 90 5 25 25 55 15 45 45 30 55 55 30 60 40 30 40 60 50 40 20 40 25 30 35 35 20 50 30 65 40 75 30 35 25 30 30 15 15 55 25 55 60 35 45 45 30 20 45 70 35 30 50 20 45 20
15 0 0 15 0 0 15 5 30 15 15 10 20 30 10 0 10 20 15 30 15 10 5 15 45 5 40 20 25 30 0 5 25 5 0 10 20 20 5 20 20 35 15 20 70 35 0 40 15 15 25 15 5 55 0 5 15 30 30 0 0 20 5 5 30 5 0 40 35 10 0 5 20 25 5 10 5 0 45 35 15 35 60 0 55 30 35 10 55 55 45 55 40 35 60 35 20 15 65 5 15 25 15 25 80 40 35 40 55 35 45 40 45 30 45 60 45 40 30 40 20 80 60 25 55 10 25 55 80 50 35 70 40 5 35 30 45 100 25 80 25 65 80 25 40 75 5 45 25 30 30 15 40 65 65 55 50 35 15 45 70 90 35 45 50 40 45 35 65 95 15 80 10 45 5 35 15 60 25 55 60 30 75 70 25 70 85 30 25 20 20 50 15 35 40 15 30 35 60 65
10 10 0 15 0 0 10 10 30 10 15 20 25 0 10 0 0 25 35 30 15 0 0 10 20 60 10 35 25 30 5 5 35 0 10 30 10 20 10 70 30 25 15 5 70 35 5 55 15 15 30 30 30 80 0 30 40 35 35 5 35 40 50 15 40 0 10 55 15 0 80 40 50 40 25 0 0 20 15 35 25 20 40 5 75 35 45 5 40 95 65 50 40 20 50 25 50 35 55 25 30 30 5 20 80 70 35 50 75 35 45 25 60 40 75 70 55 80 50 35 20 35 65 75 40 0 15 20 55 75 25 50 5 15 55 0 20 85 5 50 20 25 130 30 25 155 0 20 55 55 0 65 55 50 100 90 45 85 20 40 75 130 65 35 70 25 30 50 85 60 20 75 40 60 50 70 15 80 20 65 55 10 75 80 40 105 80 45 30 10 25 50 25 80 80 40 45 50 80 20
10 10 0 5 0 0 10 10 20 20 5 30 30 0 0 0 0 20 5 15 15 15 5 10 45 25 20 5 15 20 10 10 20 5 10 0 15 40 25 10 25 30 10 10 40 45 0 15 5 15 20 10 15 25 10 0 30 40 15 10 0 40 25 30 10 10 10 15 30 15 20 5 10 5 5 0 0 0 25 20 15 25 45 0 20 5 15 10 80 25 30 50 20 30 30 15 30 15 25 20 30 35 5 15 40 50 35 15 30 15 25 25 50 25 40 65 25 80 30 30 20 45 40 45 45 5 5 30 35 45 25 45 15 55 15 20 35 65 25 40 30 25 70 35 30 45 0 40 35 45 40 15 35 45 55 35 55 35 10 65 80 80 35 35 45 20 40 45 35 55 15 25 5 30 20 40 20 35 15 40 30 15 40 60 15 45 40 25 35 15 30 20 25 25 65 15 10 30 35 40
0 5 0 0 0 0 0 5 0 5 0 35 25 60 20 0 20 20 0 25 5 20 15 0 75 25 25 0 25 5 5 5 30 15 5 20 15 60 25 0 45 20 0 50 25 25 0 15 0 5 30 0 20 60 5 0 10 35 25 5 0 15 25 15 35 5 5 55 55 20 10 15 15 55 15 20 0 0 75 25 5 15 30 0 65 20 45 25 40 40 75 10 5 50 25 65 25 5 80 10 10 25 35 30 45 40 25 20 25 30 55 25 15 5 45 55 0 90 25 25 5 60 10 40 60 15 0 45 70 55 5 20 85 40 35 75 65 50 65 50 55 55 50 25 50 35 0 70 35 30 65 40 30 5 10 95 105 10 25 50 25 45 45 30 25 25 70 15 25 60 5 80 15 40 10 35 5 40 45 30 20 15 40 60 25 30 105 40 70 40 10 30 45 5 40 20 15 10 90 100
5 0 0 5 0 0 5 5 30 5 5 5 5 15 25 0 5 5 10 25 5 5 0 5 15 15 25 15 10 10 10 15 20 0 0 30 5 30 0 25 15 10 15 15 30 20 10 30 5 5 10 10 5 30 0 30 10 25 20 10 35 15 25 15 25 5 0 35 20 5 15 10 40 20 15 5 5 5 15 50 25 10 35 10 55 20 40 15 30 65 35 45 20 15 45 30 20 10 40 35 25 10 15 15 35 20 20 30 35 20 25 15 15 20 25 20 20 25 30 25 10 45 30 20 30 5 15 25 35 25 15 40 25 10 35 10 20 45 20 25 15 40 55 10 30 65 5 30 15 35 15 30 40 35 45 50 25 45 30 25 40 65 35 40 20 35 30 25 40 50 15 60 15 50 15 50 15 30 15 30 25 15 30 50 25 50 60 25 30 30 20 25 20 35 20 20 40 15 40 30
10 5 0 5 0 0 10 10 40 10 5 15 15 15 25 0 5 15 10 30 5 10 5 10 40 20 30 15 15 10 10 15 35 5 5 30 15 35 10 30 25 20 20 25 40 40 10 35 5 5 25 15 15 40 0 30 20 40 20 10 35 25 40 20 30 5 5 45 35 10 25 15 45 25 20 5 5 5 25 60 25 25 45 10 60 20 40 15 45 75 55 65 25 25 50 45 30 10 45 40 35 30 20 25 50 45 25 35 45 30 40 20 30 30 40 45 30 60 40 40 20 65 30 30 50 10 15 35 55 45 20 60 40 20 45 20 35 70 25 45 25 55 85 30 40 85 5 35 25 45 25 35 45 50 65 55 60 55 35 45 60 75 50 45 35 45 40 40 55 65 15 65 20 60 20 60 20 40 30 45 35 25 40 85 25 65 75 40 45 35 30 35 25 45 40 25 45 25 65 50
15 5 15 0 0 0 15 15 40 20 15 35 20 30 30 0 5 15 5 25 5 40 10 15 85 35 55 15 10 5 10 20 60 25 5 20 40 40 20 40 40 30 20 30 45 55 5 45 0 35 55 35 20 35 35 25 30 65 25 40 20 45 50 30 25 15 5 50 50 25 25 20 30 45 35 5 25 5 50 105 15 55 75 5 90 35 45 30 95 65 80 130 55 50 45 95 30 25 40 35 50 60 20 55 65 115 40 75 65 75 55 40 30 55 80 50 50 75 50 60 30 110 15 35 65 20 50 55 75 60 30 105 85 55 55 50 55 110 50 55 50 75 120 90 50 110 10 65 40 105 75 40 60 95 110 70 90 55 30 85 95 75 80 65 55 75 50 45 70 100 25 75 45 85 60 105 70 90 70 50 80 60 55 105 20 60 120 60 60 70 55 45 95 120 65 45 45 35 95 95
5 5 5 5 0 0 5 20 20 20 10 35 30 20 20 0 5 15 10 35 20 40 5 5 65 50 70 25 15 25 20 35 30 10 5 20 15 70 25 35 50 30 10 20 45 40 5 45 5 30 25 15 15 40 25 30 30 60 45 30 20 60 35 55 25 30 5 35 40 35 25 15 30 30 20 5 20 5 45 75 30 20 75 5 90 35 50 30 120 80 50 90 55 40 60 70 40 30 55 50 40 40 15 30 45 65 55 40 45 60 60 35 40 30 60 55 25 75 70 30 25 85 55 60 65 20 45 50 55 45 40 100 55 80 45 40 55 80 55 35 55 60 95 50 55 90 15 90 45 110 95 45 65 65 80 85 65 65 35 95 115 130 70 75 50 70 75 55 65 120 30 105 35 65 55 105 40 65 55 40 70 45 55 70 35 55 110 35 55 60 50 55 70 70 85 60 55 40 80 85
5 5 0 0 0 0 5 10 20 5 0 20 10 30 20 0 10 10 5 25 0 10 5 5 40 20 30 10 15 0 5 10 25 5 5 25 10 35 10 25 30 10 10 25 25 25 5 20 0 0 20 10 15 40 0 20 15 35 20 5 20 20 30 15 25 5 5 45 30 10 25 15 25 35 15 10 5 5 30 45 10 15 30 5 65 20 35 15 25 55 55 40 15 30 30 45 20 5 45 25 20 25 20 15 40 35 10 25 30 25 40 15 15 15 35 35 15 60 30 30 15 55 5 30 40 10 10 35 50 45 10 45 45 15 40 30 40 55 30 30 35 50 65 25 40 55 5 35 25 35 30 35 30 25 40 65 55 35 30 30 35 45 45 30 20 40 40 25 45 45 5 65 20 40 20 50 10 30 30 30 20 20 25 65 20 40 80 35 45 30 20 25 25 30 30 25 30 15 70 60
5 0 0 5 0 0 5 5 10 10 5 10 15 15 5 0 5 10 5 15 10 15 5 5 35 15 30 10 10 15 5 10 15 5 0 5 10 25 10 10 20 20 5 15 30 20 0 20 5 10 15 5 5 25 5 5 10 20 20 5 0 20 5 15 15 10 0 20 25 15 0 5 10 15 5 5 5 0 30 20 10 15 35 0 35 15 20 10 50 30 25 30 20 20 30 30 15 10 35 10 10 15 10 15 30 25 25 15 20 25 30 20 20 10 25 30 15 25 25 15 10 45 30 20 35 10 15 30 40 20 20 45 30 25 20 25 30 45 25 35 20 35 40 15 25 35 5 40 15 35 40 15 25 30 30 35 40 20 10 40 45 55 25 30 25 25 35 20 30 60 10 50 10 25 10 30 10 30 25 20 30 20 35 35 15 25 50 15 20 20 15 30 20 15 30 20 20 15 40 45
5 0 0 5 0 0 5 5 10 5 5 10 10 30 10 0 10 10 5 20 5 10 5 5 35 5 30 10 15 10 0 5 15 5 0 10 10 20 5 10 20 15 5 20 30 15 0 20 5 5 15 5 5 35 0 5 5 20 20 0 0 10 5 5 20 5 0 30 25 10 0 5 10 25 5 10 5 0 35 25 5 15 30 0 45 20 25 10 25 35 35 25 20 25 30 35 10 5 45 5 5 15 15 15 40 20 15 20 25 25 35 20 15 10 25 30 15 30 20 20 10 50 20 15 35 10 15 35 50 30 15 40 40 5 25 30 35 50 25 40 25 45 40 15 30 35 5 35 15 20 30 15 20 25 25 45 40 15 15 25 30 40 25 25 20 30 35 15 35 55 5 60 10 25 5 25 5 30 25 25 30 20 35 40 15 30 65 20 25 20 10 30 15 15 20 15 20 15 50 55
10 5 0 5 0 0 10 5 40 15 5 15 20 0 20 0 0 15 10 20 10 10 5 10 35 30 15 10 10 15 15 15 35 5 5 25 15 40 15 25 20 25 20 20 40 45 10 30 5 10 25 15 15 30 5 25 25 35 15 15 35 30 40 25 25 5 5 35 35 10 25 15 45 15 20 0 0 5 20 45 30 25 45 10 40 10 35 15 65 60 45 60 15 20 45 30 35 15 35 40 40 25 15 25 40 50 35 30 40 20 25 20 35 30 40 45 30 55 35 35 15 50 40 35 45 5 5 25 40 35 20 45 25 40 35 15 25 60 25 40 15 35 80 25 30 80 0 35 25 50 25 35 50 50 65 45 60 55 25 55 65 85 45 45 40 25 35 40 40 55 20 40 15 60 20 55 25 40 20 40 25 15 40 75 25 60 50 35 40 30 30 25 30 40 45 20 35 20 45 30
5 10 0 5 0 0 5 10 40 10 5 25 25 0 30 0 0 20 10 30 10 10 5 5 35 30 10 10 15 15 20 20 35 5 10 35 10 55 20 20 25 20 20 25 30 45 15 35 5 10 20 10 20 35 5 35 25 45 15 20 50 30 60 35 30 5 10 35 35 10 35 15 60 15 25 0 0 5 20 60 40 15 40 15 40 10 45 20 60 80 50 60 20 20 50 35 45 15 40 60 50 30 20 30 35 45 40 30 45 20 30 15 40 35 40 55 20 90 45 35 15 40 45 45 50 5 5 15 30 45 15 30 30 50 35 15 25 45 30 30 25 30 80 30 35 90 0 40 35 50 25 40 55 40 60 55 65 65 40 60 70 95 50 50 40 30 45 50 35 55 25 45 15 70 25 65 25 35 20 50 30 10 35 80 30 75 55 40 60 40 35 25 35 45 60 20 45 30 45 30
5 0 0 0 0 0 5 5 10 15 0 15 15 15 5 0 5 5 10 10 10 20 5 5 40 55 35 15 5 10 10 15 25 5 0 15 10 40 15 40 35 20 5 15 35 25 0 20 0 10 25 15 15 35 10 15 25 25 30 10 10 40 15 25 20 15 0 40 30 20 30 25 15 35 15 5 5 10 30 20 10 15 40 0 70 20 30 15 70 40 45 35 10 25 25 40 25 20 40 15 15 15 10 10 30 50 25 20 20 30 35 20 15 5 45 25 20 25 35 15 10 50 20 45 35 10 10 35 45 25 20 60 30 45 40 30 35 55 35 25 25 35 70 15 30 60 5 50 25 70 55 50 40 30 50 70 55 40 10 50 50 75 50 35 30 25 40 20 45 55 10 65 30 35 35 60 15 45 35 10 15 20 35 45 25 20 70 25 25 25 20 30 40 30 40 45 25 5 70 50
20 0 5 0 0 0 20 10 40 30 5 20 20 20 10 0 5 10 5 15 10 35 10 20 80 45 65 15 5 10 10 20 50 15 0 10 35 40 20 45 40 40 20 25 60 60 0 30 0 20 50 30 15 30 20 15 35 50 30 20 5 55 20 30 20 20 0 50 55 30 15 20 15 35 20 5 15 5 45 60 10 55 80 0 85 25 30 20 115 45 65 105 30 45 45 70 25 20 40 20 35 45 15 30 60 95 35 45 40 55 50 40 30 30 65 45 50 35 45 50 30 115 20 35 65 20 30 70 85 40 40 125 60 55 55 45 60 120 45 65 35 80 115 55 50 80 10 65 25 100 80 40 55 90 100 60 90 50 15 85 95 85 70 60 50 60 50 40 75 100 15 75 35 60 40 85 45 70 60 30 45 55 55 100 20 35 100 45 35 45 45 45 60 65 50 50 35 15 95 90
15 10 10 10 0 0 15 10 40 20 20 35 30 10 20 0 0 25 20 25 15 20 5 15 55 45 20 20 20 25 10 10 50 15 10 20 30 35 20 45 30 35 20 15 65 55 5 50 10 35 45 35 25 55 25 20 40 55 25 30 25 45 55 25 30 5 10 45 35 10 50 25 40 35 30 0 10 10 35 70 25 45 65 5 65 30 45 20 85 70 70 100 50 40 50 50 45 35 45 30 50 50 10 45 80 105 50 70 80 50 40 40 60 60 85 75 60 95 45 55 25 70 55 60 55 5 30 35 60 75 30 65 40 50 45 25 35 105 30 60 35 40 130 70 35 135 0 45 55 80 35 45 65 85 115 75 70 70 20 75 100 115 70 55 75 40 40 55 70 80 30 55 35 80 55 85 55 95 35 70 75 30 75 95 30 95 90 55 50 40 45 40 70 110 85 30 35 50 70 50
0 0 0 0 0 0 0 0 0 5 0 5 5 0 0 0 0 0 5 0 5 5 0 0 5 25 5 5 0 5 5 5 5 0 0 5 0 15 5 15 10 5 0 0 10 5 0 5 0 5 5 5 5 10 5 5 10 5 10 5 5 15 5 10 5 5 0 10 5 5 15 10 5 10 5 0 0 5 5 0 5 0 10 0 20 5 10 5 25 10 10 5 0 5 5 5 10 10 10 5 5 0 0 0 5 15 10 5 5 5 5 5 5 0 15 5 5 5 10 0 0 5 10 20 5 0 0 5 5 5 5 10 0 20 10 5 5 10 10 0 5 0 20 0 5 20 0 15 10 25 15 20 15 5 15 25 10 15 0 15 15 30 15 10 10 0 10 5 10 10 5 15 10 10 15 20 5 15 5 0 0 0 10 5 10 5 15 5 5 5 5 5 15 10 15 15 5 0 15 5
0 20 0 5 0 0 0 20 10 0 5 45 30 15 15 0 5 30 10 35 5 5 5 0 40 20 5 10 30 10 5 5 20 5 20 20 5 40 25 15 35 10 5 20 20 30 5 25 5 5 15 5 30 55 0 15 25 50 15 5 20 25 60 25 25 0 20 30 20 5 55 15 30 25 15 5 0 5 25 40 15 5 15 5 35 15 30 10 15 65 55 30 30 30 25 30 40 10 40 35 30 45 15 20 45 40 20 20 45 20 45 10 50 30 45 80 10 145 40 30 20 20 25 60 45 5 5 10 30 80 5 10 30 30 25 20 35 40 20 25 50 20 75 45 35 75 0 25 55 20 15 30 25 10 40 65 60 45 35 40 55 65 45 20 40 30 45 50 40 35 10 45 15 35 30 45 5 30 20 60 40 5 30 70 20 75 65 40 65 20 25 25 20 40 80 15 25 50 60 45
0 5 0 0 0 0 0 10 40 0 0 10 5 0 40 0 0 5 0 30 0 5 0 0 10 0 15 5 5 0 20 25 20 0 5 40 0 45 5 5 10 0 20 20 0 25 20 25 0 0 0 0 5 5 0 45 5 35 5 20 60 10 50 30 20 5 5 20 20 5 10 0 60 0 20 0 5 0 0 75 40 0 25 20 30 5 40 20 25 75 25 55 15 5 45 30 25 0 20 70 45 15 20 20 5 5 20 20 25 10 15 0 10 25 5 15 0 50 35 25 10 30 20 10 30 5 10 5 5 15 5 20 25 25 25 0 10 10 20 0 15 30 35 15 30 50 5 25 10 30 10 20 40 25 30 25 25 50 50 30 40 50 30 45 5 40 30 35 15 35 20 35 5 60 10 55 20 0 10 30 15 10 0 55 20 50 35 25 50 45 30 10 20 30 20 10 50 15 15 15
0 0 5 5 0 0 0 0 10 5 10 15 15 20 20 0 5 10 10 15 10 15 5 0 30 30 10 10 10 15 10 10 25 10 0 20 10 35 10 15 20 15 5 20 25 15 5 30 5 20 20 10 10 35 15 15 10 20 20 20 20 15 25 15 25 5 0 30 25 10 15 15 30 30 20 5 5 5 35 35 20 10 30 5 45 20 40 20 45 45 40 30 20 20 30 40 25 20 45 20 20 10 15 30 30 40 35 35 35 30 25 20 15 20 40 25 15 35 25 15 0 30 35 30 30 5 15 15 30 25 10 15 40 35 25 30 20 30 35 25 20 20 45 20 20 65 0 45 25 45 35 35 40 25 35 60 45 30 15 40 35 65 35 35 30 15 35 15 20 50 20 50 20 50 25 45 25 50 25 25 35 10 40 30 25 40 60 25 35 35 15 25 50 45 35 20 25 15 40 35
0 25 5 0 0 0 0 35 30 0 5 55 25 5 35 0 0 25 10 50 0 15 0 0 40 30 30 20 25 0 15 25 30 5 25 40 5 55 25 40 45 0 15 15 10 40 15 40 0 10 15 15 35 45 10 50 35 80 20 25 55 45 95 50 25 10 25 35 15 10 80 20 55 25 30 0 15 10 5 105 30 5 30 15 70 25 45 20 30 110 65 90 55 30 40 55 50 15 25 80 60 65 15 25 40 60 20 40 60 40 55 5 50 50 55 75 15 170 70 45 35 40 15 70 50 10 30 10 20 90 10 50 35 45 45 5 35 50 20 0 65 35 110 75 50 115 10 30 65 65 25 45 45 35 80 75 50 85 65 55 90 85 75 45 40 75 50 75 65 50 20 65 35 65 65 105 30 35 35 70 60 25 15 100 25 95 90 55 85 50 55 30 45 95 100 40 60 65 75 50
5 10 5 0 0 0 5 15 10 10 5 35 15 20 10 0 5 10 5 20 5 15 0 5 35 25 30 10 15 5 5 10 15 5 10 10 10 35 15 25 30 10 5 5 25 25 0 15 0 15 15 15 15 30 15 10 25 45 20 15 5 35 30 25 10 10 10 25 15 10 35 10 5 25 10 5 10 5 20 45 5 15 35 0 55 20 25 15 45 35 40 55 30 35 20 30 20 15 25 20 25 35 5 10 40 50 15 30 35 25 30 20 30 25 45 45 20 80 30 30 20 45 10 45 30 5 20 30 30 55 15 45 25 35 25 20 35 60 25 15 45 30 70 45 35 50 5 35 40 50 35 25 30 35 55 60 30 35 20 40 60 55 45 30 30 40 35 35 45 40 10 45 20 30 40 60 25 40 20 35 35 20 25 50 15 40 70 30 40 25 30 15 40 55 55 25 15 30 50 50
5 0 5 0 0 0 5 0 20 5 5 5 0 5 15 0 0 0 5 5 0 5 0 5 10 15 5 5 0 0 5 5 20 5 0 15 10 10 0 20 5 5 10 5 15 15 5 15 0 10 15 15 5 10 10 15 10 15 5 15 20 10 20 5 10 0 0 20 10 0 15 10 20 15 15 0 5 5 5 35 10 15 20 5 30 10 20 10 20 25 25 40 10 10 15 20 10 10 10 15 20 10 5 15 20 35 10 30 25 15 5 10 5 20 25 5 20 10 10 20 5 25 5 10 10 0 10 10 15 15 5 20 15 10 20 5 5 30 10 10 5 15 40 20 10 45 0 10 10 30 5 20 25 30 40 25 15 25 10 15 20 25 25 20 15 15 5 10 20 15 10 15 15 35 20 35 25 30 10 15 15 10 15 30 10 25 30 20 15 20 15 5 30 45 10 10 15 5 20 10
0 5 10 0 0 0 0 5 10 0 10 25 5 25 25 0 5 5 0 15 0 10 0 0 20 0 5 0 10 0 5 5 15 10 5 15 10 25 5 0 10 0 5 10 5 10 5 15 0 20 10 10 5 15 20 10 5 30 5 25 15 5 30 10 10 0 5 15 10 0 10 0 15 20 15 5 10 0 20 55 10 10 20 5 30 15 30 20 15 25 30 45 25 25 15 30 10 10 20 20 25 20 10 25 25 35 15 40 35 20 10 15 10 30 30 20 10 55 10 25 5 25 5 15 15 0 20 10 10 35 0 0 35 20 10 20 15 25 25 5 30 15 30 40 20 35 0 25 25 25 15 10 25 25 30 40 15 15 20 20 25 20 25 25 15 25 20 15 10 20 15 20 10 40 25 40 35 35 10 30 35 10 15 25 10 35 50 25 40 35 20 0 50 60 25 0 10 20 15 30
5 0 0 0 0 0 5 5 10 10 0 20 5 45 15 0 15 0 0 20 5 10 0 5 30 10 40 5 15 5 5 10 5 0 0 15 5 45 5 10 25 10 5 15 30 15 0 5 0 5 5 5 0 30 5 5 10 30 25 5 0 20 0 15 15 10 0 35 25 10 0 0 0 30 0 15 5 0 35 30 5 10 40 0 65 20 35 20 40 25 35 30 10 40 30 25 5 5 50 10 10 10 15 0 40 15 10 20 20 10 25 25 10 5 25 25 10 35 15 25 10 60 10 25 30 5 10 50 45 35 15 40 35 20 25 35 45 60 40 25 40 50 40 10 45 10 5 50 20 30 40 20 30 25 25 70 25 15 20 25 35 45 30 35 10 35 45 15 35 45 5 65 5 25 10 40 10 25 10 20 10 15 25 35 20 20 80 20 35 25 15 10 25 10 15 15 10 5 45 65
5 0 10 10 0 0 5 5 20 5 20 25 10 55 35 0 15 10 10 35 10 15 0 5 35 0 35 15 25 20 5 10 20 10 0 25 15 40 0 10 20 15 10 20 45 15 5 40 10 30 15 15 0 50 20 15 5 40 30 25 15 10 20 10 30 5 0 40 25 5 0 0 25 40 15 15 15 0 50 75 20 20 55 5 75 40 60 30 40 60 50 65 50 45 55 50 15 20 70 20 25 20 20 35 70 40 35 65 65 40 35 40 25 40 50 40 30 55 25 40 10 70 45 25 40 5 40 45 55 55 20 35 60 15 30 40 40 75 45 45 45 55 60 40 45 70 5 60 35 40 35 20 50 55 55 85 25 30 30 35 55 75 40 55 35 50 50 25 45 80 25 85 15 65 25 60 40 70 20 55 70 25 60 45 30 70 110 35 50 50 25 30 60 75 35 10 30 35 45 70
5 10 5 10 0 0 5 10 40 10 15 40 25 35 45 0 10 20 20 45 15 10 0 5 35 40 20 20 30 25 20 20 35 5 10 50 10 75 15 35 35 20 20 25 55 40 15 50 10 25 20 20 20 70 15 40 30 60 35 30 55 35 65 35 45 5 10 60 35 5 50 20 65 45 30 10 5 10 40 85 45 15 60 15 90 35 80 35 65 105 75 75 40 45 70 45 50 30 80 60 55 30 25 35 75 60 50 65 80 30 40 35 50 50 70 70 35 115 50 50 15 60 65 70 55 0 20 35 50 80 20 30 45 50 50 30 40 80 50 40 50 45 110 40 55 125 0 65 60 65 30 60 80 55 85 120 55 80 50 60 85 135 70 70 55 45 65 55 60 75 35 90 25 95 45 95 40 75 15 75 55 10 65 85 50 110 115 55 80 55 40 30 65 85 75 25 50 45 65 55
0 0 0 15 0 0 0 0 10 5 15 5 20 0 10 0 0 15 25 20 20 5 0 0 5 40 5 25 15 35 10 10 15 0 0 20 0 25 5 30 15 20 5 5 45 10 5 45 15 20 10 10 10 50 5 20 15 10 30 10 25 20 20 15 30 5 0 25 10 5 30 20 40 20 15 0 0 10 20 15 30 0 30 5 40 25 40 10 45 65 25 15 30 5 45 15 35 30 50 20 15 0 5 20 40 25 45 30 45 25 25 20 35 20 40 35 25 25 35 5 0 10 75 45 25 0 15 5 25 25 20 15 5 25 25 5 5 30 15 30 5 5 55 0 10 95 0 35 30 40 15 40 45 25 45 60 20 50 10 35 50 110 30 35 45 5 30 25 35 60 25 60 20 45 25 40 10 55 10 35 45 0 60 20 35 65 45 15 15 15 10 40 25 40 50 25 35 30 30 5
0 0 5 10 0 0 0 0 20 0 15 15 15 35 35 0 10 15 10 30 10 10 5 0 30 5 10 10 20 20 10 10 25 10 0 30 10 40 5 0 15 15 10 30 30 15 10 40 10 20 15 5 5 45 10 20 0 25 20 20 30 0 30 10 35 0 0 35 30 5 0 5 45 30 20 10 5 0 45 55 30 10 35 10 45 25 55 25 30 65 45 35 30 25 50 45 25 15 65 30 25 10 25 40 45 25 40 45 50 30 30 25 20 30 35 35 15 50 25 25 0 40 50 20 40 5 20 20 40 35 10 5 55 20 25 35 25 35 40 40 25 35 40 20 30 70 0 50 25 25 25 25 45 30 30 65 45 30 30 35 35 70 30 45 30 25 45 20 20 65 25 65 10 65 10 40 25 50 20 45 50 10 50 40 30 65 75 30 50 45 15 30 45 45 30 5 35 25 35 45
0 5 15 10 0 0 0 15 20 0 25 30 15 30 40 0 5 15 10 40 10 25 0 0 35 0 35 20 20 20 10 20 25 15 5 25 15 35 5 10 20 10 10 15 25 15 10 55 10 40 15 15 5 35 30 30 5 50 25 40 30 15 45 25 25 10 5 20 15 10 10 0 40 25 25 5 25 0 35 105 30 15 50 10 60 40 55 30 45 80 40 90 75 30 55 65 25 25 45 45 40 35 15 50 50 50 45 70 70 60 40 30 30 55 50 40 25 75 45 35 15 55 50 25 40 10 60 20 30 50 20 40 60 30 25 25 25 50 35 25 45 40 60 65 35 95 10 55 40 60 40 15 50 60 65 60 20 45 40 50 75 80 45 60 40 65 45 40 40 90 35 75 25 75 45 80 55 70 35 60 100 35 50 45 25 80 95 35 55 65 40 40 75 110 60 20 50 55 35 55
0 10 0 0 0 0 0 15 10 10 0 35 30 15 15 0 5 20 0 25 10 25 10 0 60 30 30 5 15 10 15 20 25 10 10 15 10 60 30 5 40 20 5 30 15 35 5 20 0 10 20 0 20 30 10 15 20 45 20 15 15 35 40 40 20 15 10 25 40 25 20 10 25 20 15 5 5 0 40 40 20 10 35 5 40 10 30 20 70 50 45 40 20 30 30 50 35 10 40 40 30 35 20 25 20 40 35 10 20 30 45 15 30 15 35 55 0 95 45 20 15 45 25 45 55 15 10 25 35 40 15 40 50 65 25 40 45 35 45 25 45 35 55 35 40 45 5 60 35 55 65 30 35 20 30 55 80 35 30 70 65 70 45 40 30 35 60 40 25 65 15 55 15 40 25 55 15 25 40 30 30 20 25 60 20 35 65 30 60 40 30 30 40 20 65 30 30 25 60 65
0 15 0 10 0 0 0 15 20 0 10 30 25 0 20 0 0 25 10 35 10 0 0 0 15 0 0 10 25 20 10 10 10 0 15 20 0 35 15 0 15 10 10 10 20 25 10 30 10 10 0 0 15 35 0 20 15 40 10 10 30 15 50 25 20 0 15 10 10 0 30 0 40 0 10 0 0 0 10 45 30 0 20 10 10 10 30 10 20 65 25 35 35 15 40 10 35 10 30 45 35 30 10 20 35 15 30 20 45 10 25 10 50 35 25 65 10 110 35 25 15 10 50 40 35 0 10 0 10 55 10 0 10 25 10 0 15 25 10 20 30 10 50 30 25 65 0 20 40 10 0 10 30 20 35 35 25 45 35 35 60 75 25 30 35 25 35 50 25 40 20 30 0 40 15 35 10 20 0 60 45 0 30 50 20 80 35 25 50 20 25 20 10 35 65 0 30 50 15 15
5 5 0 5 0 0 5 5 20 5 5 10 10 0 10 0 0 10 15 15 5 0 0 5 10 30 5 15 10 10 5 5 20 0 5 20 5 15 5 35 15 10 10 5 30 20 5 25 5 5 15 15 15 35 0 20 20 20 15 5 25 20 30 10 20 0 5 30 10 0 40 20 30 20 15 0 0 10 5 25 15 10 20 5 40 15 25 5 20 50 35 30 15 10 25 15 25 15 25 20 20 15 5 10 35 35 15 25 35 15 20 10 25 20 35 30 25 40 25 20 10 20 25 35 20 0 5 10 25 35 10 25 5 10 30 0 10 40 5 20 10 15 65 15 15 75 0 10 25 30 0 35 30 25 50 45 25 45 15 20 35 60 35 20 30 15 15 25 40 25 10 35 20 35 25 40 10 35 10 30 20 5 30 45 20 50 40 25 20 10 15 20 15 40 35 20 25 20 40 10
0 5 0 0 0 0 0 10 10 10 0 20 20 0 10 0 0 10 10 15 10 20 5 0 35 55 25 15 5 10 15 20 25 5 5 20 5 45 20 35 35 15 5 15 20 25 5 25 0 10 20 10 20 30 10 25 25 30 25 15 25 40 35 35 20 15 5 30 25 20 40 25 30 25 20 0 5 10 20 30 20 5 30 5 55 15 30 15 65 55 40 35 15 15 25 40 35 20 30 35 25 20 10 15 15 45 30 15 20 30 35 10 20 10 40 30 10 50 45 10 10 30 25 50 35 10 10 15 25 25 15 45 25 55 35 20 25 30 30 10 25 20 65 20 25 70 5 45 30 70 50 50 40 20 45 60 55 50 20 55 55 80 50 35 30 25 40 30 35 50 15 55 30 40 40 65 15 35 35 15 20 15 25 45 25 30 55 25 35 30 25 30 40 35 55 45 35 15 60 35
0 15 0 5 0 0 0 30 0 10 5 45 35 15 5 0 5 25 10 40 15 30 5 0 60 40 60 25 25 20 10 25 15 5 15 10 5 55 30 30 55 20 0 15 30 30 0 35 5 15 15 5 25 50 10 20 30 60 40 10 5 55 40 50 20 25 15 25 25 30 45 15 15 25 10 5 15 5 35 50 15 5 45 0 70 30 30 15 75 75 45 55 55 35 40 55 40 20 45 40 25 50 10 15 40 45 35 15 35 50 70 20 50 20 50 75 10 120 70 20 30 55 40 70 60 20 35 35 45 65 30 80 40 60 35 30 55 60 35 25 65 45 85 50 50 75 15 65 55 75 75 35 35 30 55 75 60 55 35 75 100 105 60 45 45 65 70 60 65 95 15 95 30 30 50 80 10 40 50 45 65 35 40 65 25 55 95 30 55 35 40 55 35 45 100 55 45 55 85 80
10 5 0 0 0 0 10 15 20 15 0 25 20 30 10 0 10 15 0 25 5 25 10 10 70 20 55 10 15 5 5 15 30 10 5 10 20 40 20 20 40 25 10 30 35 40 0 20 0 5 30 10 15 35 5 10 20 45 25 5 0 35 20 25 20 15 5 40 45 25 10 10 10 30 10 10 10 0 45 45 5 30 50 0 65 20 25 15 65 45 55 60 25 40 35 60 20 5 45 20 20 40 20 20 45 50 20 20 25 40 55 25 25 15 40 50 20 65 40 35 25 85 10 30 60 20 20 55 70 45 25 85 60 35 40 45 60 80 40 50 45 70 75 40 50 45 10 55 25 55 65 25 30 45 50 55 80 30 25 60 65 55 50 40 30 55 55 35 55 80 5 75 20 35 20 55 15 35 50 30 35 40 35 80 15 30 90 35 45 35 30 40 30 25 45 35 30 20 85 90
